O	512 512 	3 	2.0 2.0
V	0.0 	0.0 	2.0 	0.0 0.0 0.0 	0.0 1.0 0.0 2.0
C 1.0 	1.0	1.0
L  1.0 	1.0 	1.0 	0.0
L  -1.0 	1.0 	1.0 	0.0
# elements
C 1.0 1.0 0.0
S 	-0.3 	0.0 	0.2 	0.04
C 0.0 1.0 0.0
S 	0.3	0.0	0.2 	0.04
C 1.0 0.0 0.0
S 	0.0	0.5	0.2 	0.04
C  1.0 1.0 1.0

#P 	0.0 	0.0 	-0.5 	0.0 	0.0 	1.0

C  0.5 0.5 1.0 

#T  0.0 	0.5 	1.0 	1.0 	0.5 	0.0 	-1.0 	-0.5 	0.0 	0.0 

#T  -1.0 	0.5 	-5.0 	-1.0 	0.5 	1.0 	1.0 	0.5	1.0 	0.0 
#T  -1.0 	0.5 	-5.0 	1.0 	0.5 	1.0 	1.0 	0.5	-5.0 	0.0

#T 0.0 	-0.5 	1.0 	 	2.0 	0.5 	-1.0 	 -2.0 	0.5 	-1.0 	  		0.01

T  0.0 	1.0 	0.0 	-1.0 	-0.5 	0.0 	1.0 	-0.5 	0.0  				0.01